%YAML:1.0
---
R: !!opencv-matrix
   rows: 3
   cols: 3
   dt: d
   data: [ 9.8648942728633948e-01, -4.5313303911914300e-03,
       1.6376225724249099e-01, 6.9829031574369406e-03,
       9.9987196356712815e-01, -1.4397761489527016e-02,
       -1.6367604869303204e-01, 1.5346775469176415e-02,
       9.8639476254030001e-01 ]
T: !!opencv-matrix
   rows: 3
   cols: 1
   dt: d
   data: [ -1.9812279197408859e+01, 8.5455898224445180e-03,
       1.2860979987804255e+00 ]
R1: !!opencv-matrix
   rows: 3
   cols: 3
   dt: d
   data: [ 9.9501699749064398e-01, -5.9463107550721791e-03,
       9.9527966386880620e-02, 6.6784969036678583e-03,
       9.9995302224274740e-01, -7.0250257439333419e-03,
       -9.9481517800100033e-02, 7.6547172383661741e-03,
       9.9500996624163973e-01 ]
R2: !!opencv-matrix
   rows: 3
   cols: 3
   dt: d
   data: [ 9.9789961712762865e-01, -4.3042199874950145e-04,
       -6.4777842457394666e-02, 9.0671499316749094e-04,
       9.9997277176697452e-01, 7.3234959271561463e-03,
       6.4772926477450588e-02, -7.3668488227260258e-03,
       9.9787283635439739e-01 ]
P1: !!opencv-matrix
   rows: 3
   cols: 4
   dt: d
   data: [ 3.9692063731897923e+02, 0., 5.8043885421752930e+02, 0., 0.,
       3.9692063731897923e+02, 4.8273258590698242e+02, 0., 0., 0., 1.,
       0. ]
P2: !!opencv-matrix
   rows: 3
   cols: 4
   dt: d
   data: [ 3.9692063731897923e+02, 0., 5.8043885421752930e+02,
       -7.8804544573457879e+03, 0., 3.9692063731897923e+02,
       4.8273258590698242e+02, 0., 0., 0., 1., 0. ]
Q: !!opencv-matrix
   rows: 4
   cols: 4
   dt: d
   data: [ 1., 0., 0., -5.8043885421752930e+02, 0., 1., 0.,
       -4.8273258590698242e+02, 0., 0., 0., 3.9692063731897923e+02, 0.,
       0., 5.0367734433004498e-02, 0. ]
