%YAML:1.0
---
R: !!opencv-matrix
   rows: 3
   cols: 3
   dt: d
   data: [ 9.9984261704874677e-01, 5.3405613901186698e-03,
       1.6918024032122260e-02, -5.3151010142675420e-03,
       9.9998467420715553e-01, -1.5495328383300182e-03,
       -1.6926040125239711e-02, 1.4593679615863421e-03,
       9.9985567929118224e-01 ]
T: !!opencv-matrix
   rows: 3
   cols: 1
   dt: d
   data: [ 7.5926789972050823e+00, -2.9702496434590317e-02,
       6.0063619605493213e-01 ]
R1: !!opencv-matrix
   rows: 3
   cols: 3
   dt: d
   data: [ 9.9540709141798800e-01, 1.5392558478921196e-03,
       9.5720180976718569e-02, -1.4788683517133095e-03,
       9.9999866020201811e-01, -7.0181376952803485e-04,
       -9.5721133001962139e-02, 5.5703285677622966e-04,
       9.9540803413033452e-01 ]
R2: !!opencv-matrix
   rows: 3
   cols: 3
   dt: d
   data: [ 9.9687804812471570e-01, -3.8997785473408194e-03,
       7.8860312542739661e-02, 3.8500453295763006e-03,
       9.9999228224786552e-01, 7.8268490812111104e-04,
       -7.8862756216208224e-02, -4.7662562551036979e-04,
       9.9688536879121459e-01 ]
P1: !!opencv-matrix
   rows: 3
   cols: 4
   dt: d
   data: [ 8.8205548126464782e+02, 0., 5.7911157989501953e+02, 0., 0.,
       8.8205548126464782e+02, 5.4561408996582031e+02, 0., 0., 0., 1.,
       0. ]
P2: !!opencv-matrix
   rows: 3
   cols: 4
   dt: d
   data: [ 8.8205548126464782e+02, 0., 5.7911157989501953e+02,
       6.7181378299643875e+03, 0., 8.8205548126464782e+02,
       5.4561408996582031e+02, 0., 0., 0., 1., 0. ]
Q: !!opencv-matrix
   rows: 4
   cols: 4
   dt: d
   data: [ 1., 0., 0., -5.7911157989501953e+02, 0., 1., 0.,
       -5.4561408996582031e+02, 0., 0., 0., 8.8205548126464782e+02, 0.,
       0., -1.3129463901893831e-01, 0. ]
