%YAML:1.0
---
R: !!opencv-matrix
   rows: 3
   cols: 3
   dt: d
   data: [ 9.9997425475771651e-01, -2.1010468975758089e-03,
       6.8611532327721766e-03, 2.0408727838774027e-03,
       9.9995949944514939e-01, 8.7655181071208312e-03,
       -6.8792921168839404e-03, -8.7512896958346510e-03,
       9.9993804321499347e-01 ]
T: !!opencv-matrix
   rows: 3
   cols: 1
   dt: d
   data: [ -5.2505855974767890e+00, 1.5636276213559000e-01,
       4.6292777900562139e-02 ]
R1: !!opencv-matrix
   rows: 3
   cols: 3
   dt: d
   data: [ 9.9949219808350054e-01, -3.1787417763165057e-02,
       -2.2149587270726399e-03, 3.1796928520399829e-02,
       9.9948466579492834e-01, 4.3997928893370081e-03,
       2.0739592284330084e-03, -4.4679875503959741e-03,
       9.9998786781658933e-01 ]
R2: !!opencv-matrix
   rows: 3
   cols: 3
   dt: d
   data: [ 9.9951805559894291e-01, -2.9765709191170948e-02,
       -8.8124393929848825e-03, 2.9726333397734679e-02,
       9.9954764606166624e-01, -4.5659999243112129e-03,
       8.9443632772331031e-03, 4.3018378547692564e-03,
       9.9995074506529391e-01 ]
P1: !!opencv-matrix
   rows: 3
   cols: 4
   dt: d
   data: [ 6.9914103662205639e+02, 0., 7.0936570245027542e+02, 0., 0.,
       6.9914103662205639e+02, 5.6566923601925373e+02, 0., 0., 0., 1.,
       0. ]
P2: !!opencv-matrix
   rows: 3
   cols: 4
   dt: d
   data: [ 6.9914103662205639e+02, 0., 7.0936570245027542e+02,
       -3.6726698801784441e+03, 0., 6.9914103662205639e+02,
       5.6566923601925373e+02, 0., 0., 0., 1., 0. ]
Q: !!opencv-matrix
   rows: 4
   cols: 4
   dt: d
   data: [ 1., 0., 0., -7.0936570245027542e+02, 0., 1., 0.,
       -5.6566923601925373e+02, 0., 0., 0., 6.9914103662205639e+02, 0.,
       0., 1.9036315798361034e-01, 0. ]
