%YAML:1.0
---
R: !!opencv-matrix
   rows: 3
   cols: 3
   dt: d
   data: [ 9.9999185040527871e-01, 2.1335512189158408e-03,
       -3.4274016722476287e-03, -2.1280533523440532e-03,
       9.9999644456250369e-01, 1.6069384807505620e-03,
       3.4308179718895537e-03, -1.5996316912347097e-03,
       9.9999283530758165e-01 ]
T: !!opencv-matrix
   rows: 3
   cols: 1
   dt: d
   data: [ -3.4296425659329266e+00, -7.8045477118940887e-02,
       -1.0557417891817031e-01 ]
R1: !!opencv-matrix
   rows: 3
   cols: 3
   dt: d
   data: [ 9.9931708961350318e-01, 2.4822202980285847e-02,
       2.7371749041720777e-02, -2.4845118726455760e-02,
       9.9969118866255868e-01, 4.9737903915945654e-04,
       -2.7350950291822922e-02, -1.1770937285398521e-03,
       9.9962519974662933e-01 ]
R2: !!opencv-matrix
   rows: 3
   cols: 3
   dt: d
   data: [ 9.9926809104721181e-01, 2.2739499360715610e-02,
       3.0760321579675166e-02, -2.2713728612454787e-02,
       9.9974130531873451e-01, -1.1870013110758168e-03,
       -3.0779355863642846e-02, 4.8745093779673182e-04,
       9.9952608452416214e-01 ]
P1: !!opencv-matrix
   rows: 3
   cols: 4
   dt: d
   data: [ -2.3120459907839800e+03, 0., -1.5085204124450684e+03, 0., 0.,
       -2.3120459907839800e+03, -7.8229461669921875e+02, 0., 0., 0., 1.,
       0. ]
P2: !!opencv-matrix
   rows: 3
   cols: 4
   dt: d
   data: [ -2.3120459907839800e+03, 0., -1.5085204124450684e+03,
       7.9352992609594530e+03, 0., -2.3120459907839800e+03,
       -7.8229461669921875e+02, 0., 0., 0., 1., 0. ]
Q: !!opencv-matrix
   rows: 4
   cols: 4
   dt: d
   data: [ 1., 0., 0., 1.5085204124450684e+03, 0., 1., 0.,
       7.8229461669921875e+02, 0., 0., 0., -2.3120459907839800e+03, 0.,
       0., 2.9136216729202874e-01, 0. ]
