%YAML:1.0
---
R: !!opencv-matrix
   rows: 3
   cols: 3
   dt: d
   data: [ 9.9991997006874622e-01, -3.3954987796298002e-03,
       -1.2187044176305147e-02, 3.7808878768248889e-03,
       9.9948899545922842e-01, 3.1740397646613627e-02,
       1.2073042059918422e-02, -3.1783935312352532e-02,
       9.9942184442380466e-01 ]
T: !!opencv-matrix
   rows: 3
   cols: 1
   dt: d
   data: [ -5.6219180649520251e+00, 1.4970740143693498e-01,
       -2.5337016024325712e-02 ]
R1: !!opencv-matrix
   rows: 3
   cols: 3
   dt: d
   data: [ 9.9950923052216911e-01, -3.0143383422140187e-02,
       -8.5249361785004803e-03, 3.0274309528029068e-02,
       9.9941878527442485e-01, 1.5670284719621629e-02,
       8.0476259594212847e-03, -1.5920680778746935e-02,
       9.9984087115898523e-01 ]
R2: !!opencv-matrix
   rows: 3
   cols: 3
   dt: d
   data: [ 9.9963548546259418e-01, -2.6619532548099602e-02,
       4.5051848890414695e-03, 2.6687386959247564e-02,
       9.9951992257512756e-01, -1.5738734151710249e-02,
       -4.0840643054640309e-03, 1.5853228766768385e-02,
       9.9986598879870769e-01 ]
P1: !!opencv-matrix
   rows: 3
   cols: 4
   dt: d
   data: [ 6.8667310044788144e+02, 0., 6.2299218750000000e+02, 0., 0.,
       6.8667310044788144e+02, 5.7786885833740234e+02, 0., 0., 0., 1.,
       0. ]
P2: !!opencv-matrix
   rows: 3
   cols: 4
   dt: d
   data: [ 6.8667310044788144e+02, 0., 6.2299218750000000e+02,
       -3.8618276004258719e+03, 0., 6.8667310044788144e+02,
       5.7786885833740234e+02, 0., 0., 0., 1., 0. ]
Q: !!opencv-matrix
   rows: 4
   cols: 4
   dt: d
   data: [ 1., 0., 0., -6.2299218750000000e+02, 0., 1., 0.,
       -5.7786885833740234e+02, 0., 0., 0., 6.8667310044788144e+02, 0.,
       0., 1.7781039743259303e-01, 0. ]
