%YAML:1.0
---
R: !!opencv-matrix
   rows: 3
   cols: 3
   dt: d
   data: [ 9.9955490329974550e-01, -7.1239597188525079e-03,
       -2.8969716729034777e-02, 7.2291273376389499e-03,
       9.9996764895559731e-01, 3.5271461766665144e-03,
       2.8943652281157466e-02, -3.7350020267114862e-03,
       9.9957406666664173e-01 ]
T: !!opencv-matrix
   rows: 3
   cols: 1
   dt: d
   data: [ -5.6722397126917796e+00, 1.4235608481065054e-02,
       -3.8173002411719253e-02 ]
R1: !!opencv-matrix
   rows: 3
   cols: 3
   dt: d
   data: [ 9.9970575874846512e-01, -9.6584631575944678e-03,
       -2.2251067717959334e-02, 9.6981809685728459e-03,
       9.9995156402520780e-01, 1.6777632257384436e-03,
       2.2233785351501285e-02, -1.8930644400598615e-03,
       9.9975100654911542e-01 ]
R2: !!opencv-matrix
   rows: 3
   cols: 3
   dt: d
   data: [ 9.9997420664520931e-01, -2.5096332344885300e-03,
       6.7296199976393384e-03, 2.5216453519180905e-03,
       9.9999524164907172e-01, -1.7770717300782390e-03,
       -6.7251281774719012e-03, 1.7939956084238394e-03,
       9.9997577682199568e-01 ]
P1: !!opencv-matrix
   rows: 3
   cols: 4
   dt: d
   data: [ 2.6751735129210368e+02, 0., 3.9727689552307129e+02, 0., 0.,
       2.6751735129210368e+02, 1.7084742778539658e+02, 0., 0., 0., 1.,
       0. ]
P2: !!opencv-matrix
   rows: 3
   cols: 4
   dt: d
   data: [ 2.6751735129210368e+02, 0., 3.9727689552307129e+02,
       -1.5174616842607913e+03, 0., 2.6751735129210368e+02,
       1.7084742778539658e+02, 0., 0., 0., 1., 0. ]
Q: !!opencv-matrix
   rows: 4
   cols: 4
   dt: d
   data: [ 1., 0., 0., -3.9727689552307129e+02, 0., 1., 0.,
       -1.7084742778539658e+02, 0., 0., 0., 2.6751735129210368e+02, 0.,
       0., 1.7629265639245495e-01, 0. ]
