%YAML:1.0
---
R: !!opencv-matrix
   rows: 3
   cols: 3
   dt: d
   data: [ 9.9374561647645521e-01, 1.5866740795265585e-03,
       -1.1165631284972323e-01, 1.5765066823945357e-03,
       9.9960005199393276e-01, 2.8235627855728317e-02,
       1.1165645686887200e-01, -2.8235058333429628e-02,
       9.9334566849631833e-01 ]
T: !!opencv-matrix
   rows: 3
   cols: 1
   dt: d
   data: [ 2.0113718054985895e+01, -1.3390713478089609e+00,
       2.4545457859419133e+00 ]
R1: !!opencv-matrix
   rows: 3
   cols: 3
   dt: d
   data: [ 9.9767289551846938e-01, -6.7755811060529053e-02,
       7.6120703703372872e-03, 6.7657432167539749e-02,
       9.9763013549153001e-01, 1.2513378106893701e-02,
       -8.4418848776702873e-03, -1.1969245033886428e-02,
       9.9989273012310209e-01 ]
R2: !!opencv-matrix
   rows: 3
   cols: 3
   dt: d
   data: [ 9.9047562449900028e-01, -6.5940942686178783e-02,
       1.2087112703608480e-01, 6.7419992854774485e-02,
       9.9769112078941768e-01, -8.1836459733771669e-03,
       -1.2005241287361708e-01, 1.6254832377280853e-02,
       9.9263447380574532e-01 ]
P1: !!opencv-matrix
   rows: 3
   cols: 4
   dt: d
   data: [ 1.2895773803049312e+03, 0., 5.3350785064697266e+02, 0., 0.,
       1.2895773803049312e+03, 5.1237756729125977e+02, 0., 0., 0., 1.,
       0. ]
P2: !!opencv-matrix
   rows: 3
   cols: 4
   dt: d
   data: [ 1.2895773803049312e+03, 0., 5.3350785064697266e+02,
       2.6187616530856776e+04, 0., 1.2895773803049312e+03,
       5.1237756729125977e+02, 0., 0., 0., 1., 0. ]
Q: !!opencv-matrix
   rows: 4
   cols: 4
   dt: d
   data: [ 1., 0., 0., -5.3350785064697266e+02, 0., 1., 0.,
       -5.1237756729125977e+02, 0., 0., 0., 1.2895773803049312e+03, 0.,
       0., -4.9243785847613387e-02, 0. ]
