%YAML:1.0
---
R: !!opencv-matrix
   rows: 3
   cols: 3
   dt: d
   data: [ 9.8479173284220034e-01, 7.9304022909316776e-03,
       -1.7355792014529392e-01, -9.9521342107848944e-03,
       9.9989235034105206e-01, -1.0781593300500228e-02,
       1.7345373432217237e-01, 1.2344895663830135e-02,
       9.8476464477596992e-01 ]
T: !!opencv-matrix
   rows: 3
   cols: 1
   dt: d
   data: [ 1.9629353695484149e+01, -1.8494451289115413e-01,
       1.5391411666791777e+00 ]
R1: !!opencv-matrix
   rows: 3
   cols: 3
   dt: d
   data: [ 9.9538678621733356e-01, -5.2083033158378995e-04,
       -9.5942037500221081e-02, -5.8784226593907502e-05,
       9.9998176712740661e-01, -6.0383737184959542e-03,
       9.5943433169460995e-02, 6.0161572881051954e-03,
       9.9536860684027084e-01 ]
R2: !!opencv-matrix
   rows: 3
   cols: 3
   dt: d
   data: [ 9.9689604813618216e-01, -9.3925891237042342e-03,
       7.8166799090252079e-02, 8.9203750601880398e-03,
       9.9993980774936286e-01, 6.3880972873791141e-03,
       -7.8222094827792327e-02, -5.6709917757582868e-03,
       9.9691982813716318e-01 ]
P1: !!opencv-matrix
   rows: 3
   cols: 4
   dt: d
   data: [ 3.6677843093300709e+02, 0., 6.0048178863525391e+02, 0., 0.,
       3.6677843093300709e+02, 6.1775274658203125e+02, 0., 0., 0., 1.,
       0. ]
P2: !!opencv-matrix
   rows: 3
   cols: 4
   dt: d
   data: [ 3.6677843093300709e+02, 0., 6.0048178863525391e+02,
       7.2220404144637359e+03, 0., 3.6677843093300709e+02,
       6.1775274658203125e+02, 0., 0., 0., 1., 0. ]
Q: !!opencv-matrix
   rows: 4
   cols: 4
   dt: d
   data: [ 1., 0., 0., -6.0048178863525391e+02, 0., 1., 0.,
       -6.1775274658203125e+02, 0., 0., 0., 3.6677843093300709e+02, 0.,
       0., -5.0785984276472899e-02, 0. ]
