%YAML:1.0
---
M1: !!opencv-matrix
   rows: 3
   cols: 3
   dt: d
   data: [ 1.1872766167485577e+03, 0., 6.3124142864283044e+02, 0.,
       1.1792542543448014e+03, 5.4205131381889851e+02, 0., 0., 1. ]
D1: !!opencv-matrix
   rows: 1
   cols: 5
   dt: d
   data: [ -5.0659081450602972e-01, 4.8093395963189733e-01,
       5.4262953361896649e-04, 3.7973533177250896e-04,
       -3.6708735161122524e-01 ]
M2: !!opencv-matrix
   rows: 3
   cols: 3
   dt: d
   data: [ 1.1872766167485577e+03, 0., 6.4484879893996288e+02, 0.,
       1.1792542543448014e+03, 5.2391336623205325e+02, 0., 0., 1. ]
D2: !!opencv-matrix
   rows: 1
   cols: 5
   dt: d
   data: [ -4.6779388061909616e-01, 3.1323298549892331e-01,
       -4.1720196324592174e-04, 9.6561174922844091e-04,
       -1.5666510667989048e-01 ]
