%YAML:1.0
---
M1: !!opencv-matrix
   rows: 3
   cols: 3
   dt: d
   data: [ 1.8965874050473954e+03, 0., 6.6095368228134976e+02, 0.,
       1.7766989259643562e+03, 5.2006660898741143e+02, 0., 0., 1. ]
D1: !!opencv-matrix
   rows: 1
   cols: 14
   dt: d
   data: [ -5.7793745927527751e-01, -2.4532717463506999e+00, 0., 0., 0.,
       0., 0., -1.2090022598943506e+01, 0., 0., 0., 0., 0., 0. ]
M2: !!opencv-matrix
   rows: 3
   cols: 3
   dt: d
   data: [ 1.8965874050473954e+03, 0., 6.3556914196066816e+02, 0.,
       1.7766989259643562e+03, 5.1254199163611543e+02, 0., 0., 1. ]
D2: !!opencv-matrix
   rows: 1
   cols: 14
   dt: d
   data: [ -4.8839957345888513e-01, -3.5744310372339068e+00, 0., 0., 0.,
       0., 0., -1.8897391077059922e+01, 0., 0., 0., 0., 0., 0. ]
