%YAML:1.0
---
M1: !!opencv-matrix
   rows: 3
   cols: 3
   dt: d
   data: [ 1.1966587519326117e+03, 0., 6.4530020514781324e+02, 0.,
       1.1899907515267089e+03, 5.1512895949625272e+02, 0., 0., 1. ]
D1: !!opencv-matrix
   rows: 1
   cols: 14
   dt: d
   data: [ -4.9420099176929716e-01, 4.3754154681275831e-01, 0., 0., 0.,
       0., 0., 5.3752527085948365e-01, 0., 0., 0., 0., 0., 0. ]
M2: !!opencv-matrix
   rows: 3
   cols: 3
   dt: d
   data: [ 1.1966587519326117e+03, 0., 6.3220654663631035e+02, 0.,
       1.1899907515267089e+03, 5.5285495899135572e+02, 0., 0., 1. ]
D2: !!opencv-matrix
   rows: 1
   cols: 14
   dt: d
   data: [ -5.1187977696667364e-01, 5.5367361435136020e-01, 0., 0., 0.,
       0., 0., 6.3149222534423211e-01, 0., 0., 0., 0., 0., 0. ]
