%YAML:1.0
---
M1: !!opencv-matrix
   rows: 3
   cols: 3
   dt: d
   data: [ 1.1813879074854603e+03, 0., 6.3496050796254985e+02, 0.,
       1.1862687072794540e+03, 5.5927043531123672e+02, 0., 0., 1. ]
D1: !!opencv-matrix
   rows: 1
   cols: 5
   dt: d
   data: [ -4.7703663663072021e-01, 3.3346035561448145e-01,
       8.1525039974007167e-04, 2.1701502240297900e-03,
       -1.7546921097130544e-01 ]
M2: !!opencv-matrix
   rows: 3
   cols: 3
   dt: d
   data: [ 1.1813879074854603e+03, 0., 6.3247577739118958e+02, 0.,
       1.1862687072794540e+03, 5.1580324622684964e+02, 0., 0., 1. ]
D2: !!opencv-matrix
   rows: 1
   cols: 5
   dt: d
   data: [ -4.7103125019415387e-01, 3.2641994298585386e-01,
       2.0287644782166912e-03, 2.2478422051642201e-03,
       -1.6325237691492125e-01 ]
