%YAML:1.0
---
M1: !!opencv-matrix
   rows: 3
   cols: 3
   dt: d
   data: [ 1.2199783924754815e+03, 0., 6.4684006490471268e+02, 0.,
       1.2487099910306692e+03, 5.2344009014655637e+02, 0., 0., 1. ]
D1: !!opencv-matrix
   rows: 1
   cols: 14
   dt: d
   data: [ -4.2430821991950718e-01, -3.4779120975037880e-02, 0., 0., 0.,
       0., 0., -5.1893942074465016e-01, 0., 0., 0., 0., 0., 0. ]
M2: !!opencv-matrix
   rows: 3
   cols: 3
   dt: d
   data: [ 1.2199783924754815e+03, 0., 6.4060926327000072e+02, 0.,
       1.2487099910306692e+03, 5.1157106942781098e+02, 0., 0., 1. ]
D2: !!opencv-matrix
   rows: 1
   cols: 14
   dt: d
   data: [ -4.4642932848080974e-01, 3.4010287905547776e-01, 0., 0., 0.,
       0., 0., 5.4642379248530848e-01, 0., 0., 0., 0., 0., 0. ]
