%YAML:1.0
---
M1: !!opencv-matrix
   rows: 3
   cols: 3
   dt: d
   data: [ 1.2133722345533654e+03, 0., 6.5692257262505677e+02, 0.,
       1.1919130257756731e+03, 5.2367729815067128e+02, 0., 0., 1. ]
D1: !!opencv-matrix
   rows: 1
   cols: 5
   dt: d
   data: [ -5.1463436588590750e-01, 5.0871580736090904e-01,
       9.1206915568108049e-04, -1.0078697047206794e-03,
       -5.0060867286052857e-01 ]
M2: !!opencv-matrix
   rows: 3
   cols: 3
   dt: d
   data: [ 1.2133722345533654e+03, 0., 6.2960589972171465e+02, 0.,
       1.1919130257756731e+03, 5.1341763518539699e+02, 0., 0., 1. ]
D2: !!opencv-matrix
   rows: 1
   cols: 5
   dt: d
   data: [ -4.9790049560059596e-01, 4.2301695688574381e-01,
       4.7360128655755815e-04, 4.2013640148311588e-03,
       -2.7065753190264336e-01 ]
