%YAML:1.0
---
M1: !!opencv-matrix
   rows: 3
   cols: 3
   dt: d
   data: [ 1.2230407497081026e+03, 0., 6.9188858215543678e+02, 0.,
       1.1949786263302594e+03, 5.3757472309463344e+02, 0., 0., 1. ]
D1: !!opencv-matrix
   rows: 1
   cols: 5
   dt: d
   data: [ -4.3021120684141823e-01, 1.6787950691791476e-01,
       -3.7254359404173599e-03, 4.8095943214658448e-03,
       2.8843044112109664e-02 ]
M2: !!opencv-matrix
   rows: 3
   cols: 3
   dt: d
   data: [ 1.2230407497081026e+03, 0., 6.8437156138461171e+02, 0.,
       1.1949786263302594e+03, 5.7063655977231986e+02, 0., 0., 1. ]
D2: !!opencv-matrix
   rows: 1
   cols: 5
   dt: d
   data: [ -4.6287396881901949e-01, 1.3156048453282876e-01,
       -6.0747108634551265e-03, 1.0227568273130088e-03,
       2.2595451885397097e-01 ]
