%YAML:1.0
---
M1: !!opencv-matrix
   rows: 3
   cols: 3
   dt: d
   data: [ 1.2048855828881385e+03, 0., 6.2759673997308573e+02, 0.,
       1.1807877102588943e+03, 5.2505145720066946e+02, 0., 0., 1. ]
D1: !!opencv-matrix
   rows: 1
   cols: 5
   dt: d
   data: [ -5.0664058896850228e-01, 3.9203275648194236e-01,
       4.4483090740746805e-03, 1.1139641707548723e-03,
       -1.4728373387756069e-01 ]
M2: !!opencv-matrix
   rows: 3
   cols: 3
   dt: d
   data: [ 1.2048855828881385e+03, 0., 6.3763382246514016e+02, 0.,
       1.1807877102588943e+03, 5.0844233121510996e+02, 0., 0., 1. ]
D2: !!opencv-matrix
   rows: 1
   cols: 5
   dt: d
   data: [ -5.1839768578488576e-01, 5.5782478629299448e-01,
       2.5759547992524646e-03, 1.2491462743789386e-03,
       -4.7038899574205073e-01 ]
